
min: [-0.93277832 -0.99558424 -0.9513682  -0.90293851]
max: [0.88719773 0.97774748 0.89146928 0.96764541]
mean: [-0.11213319 -0.07960934 -0.07671519 -0.10323961]
standard deviation: [0.68468944 0.59631334 0.54886467 0.63186959]

